 #Rabbit      TimeCoordinates  Duration
       80:12:18(1.01,7.53)         0
       80:12:33(2.36,9.61)        15
       80:12:59(-6.12,10.44)        26
       80:13:05(-6.38,10.87)         6
      120:36:18(-0.96,-0.72)      1393
      120:37:14(0.48,0.99)        56
      120:38:02(0.48,0.99)        48
      120:39:42(11.14,7.45)       100
       20:26:88(2.29,-3.16)     85666
       30:22:22(8.86,0.87)     86094
       30:27:00(0.46,-12.09)       278
      172:55:16(5.65,5.09)      8896
      172:59:22(7.22,2.37)       246
      170:01:18(6.12,4.51)     75716
      170:02:26(2.76,-7.08)        68
